(
panda:0.05306,
raccoon:0.07897,
black:0.04555);
